#マイナス５度
"""Generated official L profile; Right uses runtime.course. Do not hand edit."""
BLUE_START_MM = 5384.957323
LAP_GATE_MM = 5511.716628

POINTS = (
(0.000, 0.000),
(5.206, 0.000),
(10.412, 0.000),
(15.618, 0.000),
(20.825, 0.000),
(26.031, 0.000),
(31.237, 0.000),
(36.444, 0.000),
(41.650, 0.000),
(46.857, 0.000),
(52.064, 0.000),
(57.271, 0.000),
(62.478, 0.000),
(67.685, 0.000),
(72.893, 0.000),
(78.101, 0.000),
(83.309, 0.000),
(88.517, 0.000),
(93.725, 0.000),
(98.934, 0.000),
(104.143, 0.000),
(109.353, 0.000),
(114.563, 0.000),
(119.773, 0.000),
(124.983, 0.000),
(130.194, 0.000),
(135.405, 0.000),
(140.617, 0.000),
(145.828, 0.000),
(151.040, 0.000),
(156.251, 0.000),
(161.463, 0.000),
(166.674, 0.000),
(171.885, 0.000),
(177.096, 0.000),
(182.306, 0.000),
(187.516, 0.000),
(192.725, 0.000),
(197.934, 0.000),
(203.142, 0.000),
(208.349, 0.000),
(213.555, 0.000),
(218.760, 0.000),
(223.964, 0.000),
(229.167, 0.000),
(234.369, 0.000),
(239.570, 0.000),
(244.770, 0.000),
(249.968, 0.000),
(255.165, 0.000),
(260.361, 0.000),
(265.556, 0.000),
(270.750, 0.000),
(275.944, 0.000),
(281.139, 0.000),
(286.333, 0.000),
(291.528, 0.000),
(296.724, 0.000),
(301.920, 0.000),
(307.118, 0.000),
(312.318, 0.000),
(317.520, 0.000),
(322.724, 0.000),
(327.930, 0.000),
(333.140, 0.000),
(338.353, 0.000),
(343.569, 0.000),
(348.790, 0.000),
(354.016, 0.000),
(359.246, 0.000),
(364.482, 0.000),
(369.725, 0.000),
(374.974, 0.000),
(380.230, 0.000),
(385.492, 0.000),
(390.759, 0.000),
(396.029, 0.000),
(401.301, 0.000),
(406.573, 0.000),
(411.844, 0.000),
(417.111, 0.000),
(422.374, 0.000),
(427.632, 0.000),
(432.882, 0.000),
(438.123, 0.000),
(443.356, -0.100),
(448.578, -0.200),
(453.790, -0.300),
(458.991, -0.496),
(464.181, -3.359),
(469.360, -4.305),
(474.530, -5.334),
(479.691, -6.447),
(484.844, -7.644),
(489.993, -8.924),
(495.139, -10.286),
(500.286, -11.730),
(505.436, -14.230),
(510.593, -15.690),
(515.759, -17.085),
(520.936, -18.414),
(526.126, -19.677),
(531.330, -20.874),
(536.550, -22.005),
(541.784, -25.070),
(547.034, -26.071),
(552.300, -27.009),
(557.580, -27.883),
(562.876, -28.696),
(568.185, -29.449),
(573.505, -30.204),
(578.829, -31.059),
(584.152, -32.024),
(589.468, -33.103),
(594.771, -34.299),
(600.059, -35.618),
(605.326, -37.063),
(610.572, -38.641),
(615.794, -40.354),
(620.991, -42.208),
(626.165, -44.208),
(631.317, -46.354),
(636.450, -48.650),
(641.570, -51.095),
(646.684, -53.652),
(651.798, -56.132),
(656.922, -58.470),
(662.061, -60.661),
(667.219, -62.703),
(672.399, -64.596),
(677.604, -66.340),
(682.833, -67.940),
(688.087, -69.397),
(693.363, -70.716),
(698.661, -71.900),
(703.976, -72.952),
(709.306, -73.878),
(714.646, -74.679),
(719.992, -75.358),
(725.339, -75.919),
(730.681, -76.362),
(736.013, -76.689),
(741.331, -76.929),
(746.633, -77.196),
(751.919, -77.515),
(757.190, -77.888),
(762.446, -78.314),
(767.687, -78.793),
(772.915, -79.328),
(778.129, -79.916),
(783.330, -80.560),
(788.520, -81.259),
(793.699, -82.013),
(798.869, -82.821),
(804.031, -83.685),
(809.187, -84.602),
(814.340, -85.574),
(819.491, -86.598),
(824.643, -87.672),
(829.797, -88.739),
(834.956, -89.745),
(840.121, -90.690),
(845.292, -91.572),
(850.470, -92.393),
(855.656, -93.151),
(860.850, -93.847),
(866.051, -94.483),
(871.260, -95.057),
(876.476, -95.571),
(881.699, -96.024),
(886.928, -96.418),
(892.162, -96.753),
(897.401, -97.028),
(902.643, -97.245),
(907.888, -97.403),
(913.135, -97.503),
(918.382, -97.545),
(923.629, -97.529),
(928.874, -97.454),
(934.117, -97.321),
(939.356, -97.130),
(944.591, -96.880),
(949.821, -96.574),
(955.045, -96.252),
(960.264, -95.954),
(965.480, -95.682),
(970.691, -95.436),
(975.900, -95.216),
(981.107, -95.023),
(986.311, -94.856),
(991.514, -94.715),
(996.716, -94.601),
(1001.917, -94.513),
(1007.119, -94.452),
(1012.320, -94.418),
(1017.522, -94.410),
(1022.725, -94.429),
(1027.930, -94.474),
(1033.137, -94.545),
(1038.346, -94.627),
(1043.556, -94.703),
(1048.769, -94.773),
(1053.982, -94.838),
(1059.197, -94.897),
(1064.413, -94.951),
(1069.629, -94.999),
(1074.846, -95.042),
(1080.063, -95.079),
(1085.281, -95.110),
(1090.498, -95.136),
(1095.714, -95.157),
(1100.930, -95.172),
(1106.145, -95.181),
(1111.359, -95.185),
(1116.572, -95.183),
(1121.783, -95.176),
(1126.993, -95.163),
(1132.200, -95.145),
(1137.405, -95.121),
(1142.607, -95.092),
(1147.807, -95.057),
(1153.004, -95.016),
(1158.198, -94.970),
(1163.388, -94.918),
(1168.574, -94.860),
(1173.757, -94.797),
(1178.936, -94.729),
(1184.111, -94.664),
(1189.283, -94.610),
(1194.453, -94.568),
(1199.622, -94.537),
(1204.790, -94.519),
(1209.958, -94.512),
(1215.128, -94.518),
(1220.300, -94.535),
(1225.475, -94.563),
(1230.653, -94.604),
(1235.835, -94.656),
(1241.023, -94.720),
(1246.217, -94.796),
(1251.418, -94.883),
(1256.627, -94.982),
(1261.845, -95.092),
(1267.072, -95.213),
(1272.309, -95.345),
(1277.557, -95.488),
(1282.818, -95.642),
(1288.091, -95.807),
(1293.379, -95.982),
(1298.681, -96.168),
(1303.998, -96.366),
(1309.329, -96.625),
(1314.669, -96.990),
(1320.013, -97.466),
(1325.356, -98.051),
(1330.695, -98.749),
(1336.025, -99.560),
(1341.344, -100.488),
(1346.649, -101.534),
(1351.937, -102.702),
(1357.208, -103.994),
(1362.459, -105.413),
(1367.693, -106.962),
(1372.909, -108.642),
(1378.109, -110.455),
(1383.297, -112.401),
(1388.478, -114.478),
(1393.656, -116.685),
(1398.839, -119.017),
(1404.035, -121.467),
(1409.254, -124.025),
(1414.501, -126.651),
(1419.774, -129.259),
(1425.064, -131.850),
(1430.365, -134.440),
(1435.669, -137.044),
(1440.969, -139.677),
(1446.261, -142.356),
(1451.538, -145.094),
(1456.794, -147.907),
(1462.028, -150.810),
(1467.235, -153.816),
(1472.416, -156.901),
(1477.584, -159.784),
(1482.752, -162.321),
(1487.928, -164.499),
(1493.119, -166.315),
(1498.326, -167.768),
(1503.551, -168.862),
(1508.790, -169.602),
(1514.042, -169.990),
(1519.301, -170.032),
(1524.565, -169.728),
(1529.830, -169.078),
(1535.094, -168.083),
(1540.356, -166.894),
(1545.617, -165.906),
(1550.874, -165.183),
(1556.126, -164.724),
(1561.370, -164.528),
(1566.604, -164.597),
(1571.823, -164.933),
(1577.026, -165.539),
(1582.212, -166.416),
(1587.379, -167.570),
(1592.528, -169.003),
(1597.663, -170.718),
(1602.789, -172.706),
(1607.911, -174.769),
(1613.037, -176.705),
(1618.171, -178.502),
(1623.318, -180.159),
(1628.480, -181.673),
(1633.658, -183.046),
(1638.855, -184.278),
(1644.069, -184.629),
(1649.300, -183.673),
(1654.548, -182.851),
(1659.810, -182.162),
(1665.084, -181.605),
(1670.368, -181.176),
(1675.659, -180.875),
(1680.954, -180.701),
(1686.250, -180.653),
(1691.545, -180.731),
(1696.834, -180.935),
(1702.115, -181.267),
(1707.385, -181.723),
(1712.644, -182.231),
(1717.893, -182.713),
(1723.133, -183.167),
(1728.365, -183.592),
(1733.589, -183.987),
(1738.806, -184.353),
(1744.018, -184.689),
(1749.224, -184.994),
(1754.427, -184.731),
(1759.625, -184.486),
(1764.821, -184.272),
(1770.014, -184.089),
(1775.205, -183.937),
(1780.395, -183.817),
(1785.583, -183.727),
(1790.772, -183.668),
(1795.960, -183.641),
(1801.149, -183.644),
(1806.339, -183.679),
(1811.531, -183.745),
(1816.725, -183.830),
(1821.920, -183.921),
(1827.117, -184.019),
(1832.316, -184.124),
(1837.516, -184.235),
(1842.718, -184.353),
(1847.922, -184.477),
(1853.127, -184.608),
(1858.334, -184.745),
(1863.542, -184.889),
(1868.752, -184.961),
(1873.963, -184.804),
(1879.176, -184.641),
(1884.391, -184.471),
(1889.607, -184.294),
(1894.824, -184.112),
(1900.044, -183.922),
(1905.264, -183.727),
(1910.487, -183.525),
(1915.711, -183.318),
(1920.937, -183.146),
(1926.163, -183.052),
(1931.389, -183.038),
(1936.614, -183.102),
(1941.837, -183.245),
(1947.058, -183.467),
(1952.276, -183.769),
(1957.490, -184.151),
(1962.700, -184.612),
(1967.906, -184.846),
(1973.108, -184.223),
(1978.305, -183.520),
(1983.500, -182.736),
(1988.692, -181.871),
(1993.882, -180.925),
(1999.072, -179.901),
(2004.264, -178.835),
(2009.457, -177.764),
(2014.653, -176.692),
(2019.852, -175.617),
(2025.055, -174.540),
(2030.262, -173.461),
(2035.475, -172.380),
(2040.694, -171.297),
(2045.919, -170.212),
(2051.152, -169.126),
(2056.393, -168.037),
(2061.643, -166.947),
(2066.903, -165.856),
(2072.174, -164.763),
(2077.456, -163.669),
(2082.750, -162.573),
(2088.057, -161.466),
(2093.371, -160.300),
(2098.687, -159.060),
(2104.000, -157.742),
(2109.305, -156.342),
(2114.598, -154.854),
(2119.876, -153.274),
(2125.137, -151.598),
(2130.377, -149.820),
(2135.597, -147.937),
(2140.796, -145.944),
(2145.975, -143.838),
(2151.135, -141.617),
(2156.280, -139.278),
(2161.414, -136.830),
(2166.543, -134.398),
(2171.677, -132.093),
(2176.819, -129.922),
(2181.977, -127.890),
(2187.152, -125.997),
(2192.348, -124.243),
(2197.566, -122.628),
(2202.806, -121.147),
(2208.068, -119.800),
(2213.350, -118.582),
(2218.650, -117.490),
(2223.965, -116.522),
(2229.292, -115.674),
(2234.627, -114.944),
(2239.966, -114.328),
(2245.304, -113.827),
(2250.637, -113.437),
(2255.959, -113.150),
(2261.269, -112.875),
(2266.566, -112.553),
(2271.849, -112.184),
(2277.118, -111.767),
(2282.374, -111.302),
(2287.615, -110.787),
(2292.842, -110.224),
(2298.054, -109.610),
(2303.253, -108.946),
(2308.439, -108.232),
(2313.611, -107.466),
(2318.772, -106.650),
(2323.921, -105.782),
(2329.060, -104.863),
(2334.191, -103.893),
(2339.315, -102.872),
(2344.433, -101.818),
(2349.547, -100.774),
(2354.659, -99.745),
(2359.770, -98.731),
(2364.882, -97.734),
(2369.994, -96.754),
(2375.110, -95.790),
(2380.228, -94.845),
(2385.352, -93.917),
(2390.481, -93.006),
(2395.616, -92.114),
(2400.758, -91.241),
(2405.908, -90.385),
(2411.066, -89.548),
(2416.233, -88.729),
(2421.409, -87.929),
(2426.596, -87.147),
(2431.792, -86.383),
(2436.999, -85.637),
(2442.216, -84.910),
(2447.445, -84.200),
(2452.684, -83.508),
(2457.934, -82.833),
(2463.196, -82.176),
(2468.468, -81.536),
(2473.752, -80.913),
(2479.046, -80.307),
(2484.351, -79.717),
(2489.666, -79.144),
(2494.991, -78.586),
(2500.327, -78.045),
(2505.672, -77.519),
(2511.026, -77.008),
(2516.388, -76.513),
(2521.760, -76.032),
(2527.138, -75.567),
(2532.525, -75.115),
(2537.918, -74.678),
(2543.317, -74.255),
(2548.722, -73.846),
(2554.132, -73.450),
(2559.546, -73.068),
(2564.964, -72.698),
(2570.384, -72.342),
(2575.807, -71.999),
(2581.232, -71.669),
(2586.657, -71.351),
(2592.083, -71.046),
(2597.507, -70.752),
(2602.930, -70.471),
(2608.350, -70.202),
(2613.767, -69.945),
(2619.180, -69.699),
(2624.587, -69.464),
(2629.989, -69.225),
(2635.386, -68.976),
(2640.776, -68.719),
(2646.160, -68.452),
(2651.538, -68.175),
(2656.909, -67.889),
(2662.273, -67.593),
(2667.630, -67.287),
(2672.980, -66.972),
(2678.323, -66.647),
(2683.657, -66.312),
(2688.985, -65.966),
(2694.304, -65.611),
(2699.615, -65.245),
(2704.919, -64.869),
(2710.215, -64.483),
(2715.502, -64.086),
(2720.781, -63.679),
(2726.052, -63.261),
(2731.316, -62.833),
(2736.571, -62.394),
(2741.818, -61.944),
(2747.057, -61.483),
(2752.288, -61.011),
(2757.512, -60.528),
(2762.728, -60.035),
(2767.937, -59.530),
(2773.138, -59.014),
(2778.333, -58.487),
(2783.521, -57.949),
(2788.702, -57.400),
(2793.877, -56.840),
(2799.047, -56.268),
(2804.211, -55.686),
(2809.370, -55.093),
(2814.525, -54.488),
(2819.675, -53.873),
(2824.821, -53.246),
(2829.965, -52.609),
(2835.105, -51.961),
(2840.244, -51.303),
(2845.381, -50.634),
(2850.517, -49.954),
(2855.653, -49.265),
(2860.790, -48.565),
(2865.928, -47.856),
(2871.068, -47.137),
(2876.210, -46.408),
(2881.356, -45.674),
(2886.507, -44.948),
(2891.661, -44.235),
(2896.820, -43.534),
(2901.985, -42.845),
(2907.154, -42.168),
(2912.329, -41.503),
(2917.509, -40.851),
(2922.695, -40.210),
(2927.887, -39.582),
(2933.085, -38.965),
(2938.289, -38.360),
(2943.498, -37.767),
(2948.713, -37.185),
(2953.934, -36.615),
(2959.161, -36.056),
(2964.394, -35.508),
(2969.631, -34.971),
(2974.874, -34.446),
(2980.122, -33.931),
(2985.375, -33.427),
(2990.632, -32.933),
(2995.894, -32.449),
(3001.159, -31.976),
(3006.429, -31.513),
(3011.701, -31.060),
(3016.977, -30.617),
(3022.255, -30.184),
(3027.535, -29.760),
(3032.817, -29.345),
(3038.100, -28.940),
(3043.384, -28.544),
(3048.668, -28.157),
(3053.952, -27.779),
(3059.236, -27.410),
(3064.518, -27.049),
(3069.799, -26.697),
(3075.077, -26.354),
(3080.352, -26.019),
(3085.624, -25.691),
(3090.892, -25.372),
(3096.156, -25.061),
(3101.415, -22.757),
(3106.669, -22.458),
(3111.919, -22.165),
(3117.166, -21.878),
(3122.409, -21.598),
(3127.648, -21.323),
(3132.884, -21.054),
(3138.117, -20.792),
(3143.347, -20.535),
(3148.574, -20.285),
(3153.799, -20.041),
(3159.021, -19.804),
(3164.241, -19.572),
(3169.458, -19.347),
(3174.674, -19.129),
(3179.888, -18.916),
(3185.100, -18.710),
(3190.310, -18.511),
(3195.519, -18.318),
(3200.726, -18.131),
(3205.932, -17.950),
(3211.137, -17.777),
(3216.341, -17.609),
(3221.543, -17.448),
(3226.744, -17.294),
(3231.945, -17.146),
(3237.144, -17.004),
(3242.343, -16.869),
(3247.541, -16.741),
(3252.738, -16.619),
(3257.935, -16.503),
(3263.131, -16.394),
(3268.326, -16.292),
(3273.521, -16.196),
(3278.715, -16.107),
(3283.909, -16.024),
(3289.102, -15.947),
(3294.295, -15.878),
(3299.488, -15.815),
(3304.680, -15.758),
(3309.872, -15.708),
(3315.063, -15.665),
(3320.255, -15.628),
(3325.445, -15.597),
(3330.636, -15.574),
(3335.826, -15.557),
(3341.017, -15.549),
(3346.207, -15.550),
(3351.397, -15.560),
(3356.587, -15.580),
(3361.777, -15.608),
(3366.967, -15.645),
(3372.157, -15.691),
(3377.347, -15.746),
(3382.537, -15.810),
(3387.728, -15.883),
(3392.919, -15.965),
(3398.111, -16.056),
(3403.303, -16.156),
(3408.495, -16.265),
(3413.688, -16.383),
(3418.882, -16.509),
(3424.077, -16.645),
(3429.273, -16.790),
(3434.469, -16.943),
(3439.667, -17.106),
(3444.866, -17.277),
(3450.066, -17.457),
(3455.268, -17.646),
(3460.471, -17.844),
(3465.677, -18.050),
(3470.884, -18.266),
(3476.093, -18.490),
(3481.304, -18.723),
(3486.518, -18.964),
(3491.735, -19.214),
(3496.954, -19.473),
(3502.177, -19.741),
(3507.403, -20.017),
(3512.632, -20.301),
(3517.865, -20.594),
(3523.102, -20.895),
(3528.343, -21.205),
(3533.589, -21.522),
(3538.840, -21.848),
(3544.096, -22.183),
(3549.358, -22.525),
(3554.626, -22.875),
(3559.899, -25.233),
(3565.180, -25.599),
(3570.467, -25.973),
(3575.761, -26.356),
(3581.061, -26.749),
(3586.366, -27.153),
(3591.675, -27.567),
(3596.988, -27.993),
(3602.305, -28.429),
(3607.623, -28.877),
(3612.943, -29.336),
(3618.265, -29.807),
(3623.587, -30.290),
(3628.908, -30.785),
(3634.230, -31.292),
(3639.550, -31.811),
(3644.868, -32.343),
(3650.185, -32.887),
(3655.499, -33.445),
(3660.810, -34.015),
(3666.119, -34.599),
(3671.424, -35.197),
(3676.725, -35.808),
(3682.022, -36.433),
(3687.315, -37.072),
(3692.604, -37.726),
(3697.889, -38.393),
(3703.170, -39.076),
(3708.446, -39.773),
(3713.718, -40.485),
(3718.985, -41.211),
(3724.249, -41.953),
(3729.508, -42.710),
(3734.764, -43.482),
(3740.017, -44.269),
(3745.267, -45.072),
(3750.514, -45.890),
(3755.760, -46.723),
(3761.004, -47.572),
(3766.246, -48.435),
(3771.489, -49.314),
(3776.732, -50.207),
(3781.977, -51.115),
(3787.223, -52.038),
(3792.473, -52.975),
(3797.726, -53.925),
(3802.985, -54.890),
(3808.249, -55.868),
(3813.521, -56.859),
(3818.802, -57.862),
(3824.093, -58.877),
(3829.394, -59.898),
(3834.708, -60.876),
(3840.034, -61.784),
(3845.372, -62.623),
(3850.722, -63.393),
(3856.083, -64.096),
(3861.454, -64.731),
(3866.835, -65.300),
(3872.223, -65.804),
(3877.618, -66.242),
(3883.018, -66.617),
(3888.422, -66.928),
(3893.827, -67.176),
(3899.232, -67.361),
(3904.635, -67.483),
(3910.035, -67.543),
(3915.428, -67.540),
(3920.813, -67.474),
(3926.189, -67.345),
(3931.553, -67.152),
(3936.904, -66.895),
(3942.240, -66.572),
(3947.558, -66.184),
(3952.859, -65.728),
(3958.140, -65.205),
(3963.400, -64.612),
(3968.638, -63.949),
(3973.854, -63.214),
(3979.047, -62.405),
(3984.216, -61.523),
(3989.361, -60.564),
(3994.484, -59.529),
(3999.584, -58.415),
(4004.664, -57.223),
(4009.723, -55.951),
(4014.765, -54.599),
(4019.791, -53.168),
(4024.805, -51.657),
(4029.809, -50.070),
(4034.809, -48.406),
(4039.808, -46.669),
(4044.812, -44.862),
(4049.826, -42.990),
(4054.856, -41.060),
(4059.908, -39.177),
(4064.985, -37.451),
(4070.089, -35.886),
(4075.221, -34.482),
(4080.382, -33.234),
(4085.569, -32.139),
(4090.782, -31.194),
(4096.018, -30.395),
(4101.275, -29.738),
(4106.548, -29.221),
(4111.835, -28.842),
(4117.131, -28.598),
(4122.433, -28.489),
(4127.736, -28.513),
(4133.036, -28.671),
(4138.329, -28.962),
(4143.612, -29.390),
(4148.881, -29.948),
(4154.135, -30.529),
(4159.377, -31.042),
(4164.608, -31.483),
(4169.829, -31.850),
(4175.042, -32.143),
(4180.248, -32.361),
(4185.449, -32.504),
(4190.644, -32.572),
(4195.836, -32.564),
(4201.026, -32.481),
(4206.214, -32.321),
(4211.402, -32.086),
(4216.591, -31.775),
(4221.783, -31.389),
(4226.978, -30.928),
(4232.179, -30.392),
(4237.387, -29.783),
(4242.605, -29.102),
(4247.831, -28.365),
(4253.063, -27.580),
(4258.297, -26.747),
(4263.532, -25.863),
(4268.766, -22.928),
(4273.996, -21.939),
(4279.221, -20.897),
(4284.439, -19.799),
(4289.650, -18.643),
(4294.852, -17.429),
(4300.046, -16.155),
(4305.230, -14.821),
(4310.406, -13.446),
(4315.576, -11.113),
(4320.744, -9.842),
(4325.911, -8.635),
(4331.080, -7.492),
(4336.253, -6.415),
(4341.432, -5.405),
(4346.616, -4.460),
(4351.808, -3.582),
(4357.007, -0.771),
(4362.215, -0.025),
(4367.430, 0.000),
(4372.653, 0.000),
(4377.884, 0.000),
(4383.123, 0.000),
(4388.368, 0.000),
(4393.618, 0.000),
(4398.874, 0.000),
(4404.133, 0.000),
(4409.396, 0.000),
(4414.661, 0.000),
(4419.926, 0.000),
(4425.191, 0.000),
(4430.455, 0.000),
(4435.716, 0.000),
(4440.973, 0.000),
(4446.226, 0.000),
(4451.474, 0.000),
(4456.716, 0.000),
(4461.952, 0.000),
(4467.183, 0.000),
(4472.409, 0.000),
(4477.631, 0.000),
(4482.849, 0.000),
(4488.064, 0.000),
(4493.276, 0.000),
(4498.485, 0.000),
(4503.692, 0.000),
(4508.896, 0.000),
(4514.099, 0.000),
(4519.300, 0.000),
(4524.501, 0.000),
(4529.700, 0.000),
(4534.898, 0.000),
(4540.095, 0.000),
(4545.293, 0.000),
(4550.490, 0.000),
(4555.687, 0.000),
(4560.884, 0.000),
(4566.082, 0.000),
(4571.280, 0.000),
(4576.479, 0.000),
(4581.679, 0.000),
(4586.881, 0.000),
(4592.083, 0.000),
(4597.286, 0.000),
(4602.490, 0.000),
(4607.695, 0.000),
(4612.901, 0.000),
(4618.108, 0.000),
(4623.315, 0.000),
(4628.523, 0.000),
(4633.731, 0.000),
(4638.940, 0.000),
(4644.150, 0.000),
(4649.359, 0.000),
(4654.569, 0.000),
(4659.780, 0.000),
(4664.990, 0.000),
(4670.201, 0.000),
(4675.412, 0.000),
(4680.622, 0.000),
(4685.833, 0.000),
(4691.044, 0.000),
(4696.254, 0.000),
(4701.464, 0.000),
(4706.674, 0.000),
(4711.883, 0.000),
(4717.092, 0.000),
(4722.301, 0.000),
(4727.509, 0.000),
(4732.718, 0.000),
(4737.926, 0.000),
(4743.134, 0.000),
(4748.341, 0.000),
(4753.549, 0.000),
(4758.756, 0.000),
(4763.964, 0.000),
(4769.171, 0.000),
(4774.378, 0.000),
(4779.585, 0.000),
(4784.792, 0.000),
(4789.999, 0.000),
(4795.205, 0.000),
(4800.412, 0.000),
(4805.619, 0.000),
(4810.826, 0.000),
(4816.033, 0.000),
(4821.240, 0.000),
(4826.447, 0.000),
(4831.654, 0.000),
(4836.862, 0.000),
(4842.069, 0.000),
(4847.276, 0.000),
(4852.484, 0.000),
(4857.691, 0.000),
(4862.899, 0.000),
(4868.107, 0.000),
(4873.315, 0.000),
(4878.522, 0.000),
(4883.730, 0.000),
(4888.938, 0.000),
(4894.146, 0.000),
(4899.353, 0.000),
(4904.561, 0.000),
(4909.769, 0.000),
(4914.977, 0.000),
(4920.185, 0.000),
(4925.392, 0.000),
(4930.600, 0.000),
(4935.808, 0.000),
(4941.015, 0.000),
(4946.223, 0.000),
(4951.431, 0.000),
(4956.638, 0.000),
(4961.846, 0.000),
(4967.053, 0.000),
(4972.261, 0.000),
(4977.469, 0.000),
(4982.676, 0.000),
(4987.884, 0.000),
(4993.091, 0.000),
(4998.299, 0.000),
(5003.506, 0.000),
(5008.714, 0.000),
(5013.922, 0.000),
(5019.129, 0.000),
(5024.337, 0.000),
(5029.544, 0.000),
(5034.752, 0.000),
(5039.960, 0.000),
(5045.167, 0.000),
(5050.375, 0.000),
(5055.582, 0.000),
(5060.790, 0.000),
(5065.998, 0.000),
(5071.205, 0.000),
(5076.413, 0.000),
(5081.621, 0.000),
(5086.828, 0.000),
(5092.036, 0.000),
(5097.244, 0.000),
(5102.451, 0.000),
(5107.659, 0.000),
(5112.866, 0.000),
(5118.074, 0.000),
(5123.282, 0.000),
(5128.489, 0.000),
(5133.697, 0.000),
(5138.905, 0.000),
(5144.112, 0.000),
(5149.320, 0.000),
(5154.528, 0.000),
(5159.735, 0.000),
(5164.943, 0.000),
(5170.150, 0.000),
(5175.358, 0.000),
(5180.566, 0.000),
(5185.773, 0.000),
(5190.981, 0.000),
(5196.189, 0.000),
(5201.396, 0.000),
(5206.604, 0.000),
(5211.811, 0.000),
(5217.019, 0.000),
(5222.227, 0.000),
)
