#9月13日の最初のデータ
"""Generated official L profile; Right uses runtime.course. Do not hand edit."""
BLUE_START_MM = 5384.957323
LAP_GATE_MM = 5511.716628

POINTS = (
(0.000, 0.000),
(5.202, 0.000),
(10.404, 0.000),
(15.605, 0.000),
(20.807, 0.000),
(26.009, 0.000),
(31.211, 0.000),
(36.413, 0.000),
(41.616, 0.000),
(46.818, 0.000),
(52.020, 0.000),
(57.223, 0.000),
(62.426, 0.000),
(67.629, 0.000),
(72.832, 0.000),
(78.035, 0.000),
(83.239, 0.000),
(88.443, 0.000),
(93.647, 0.000),
(98.852, 0.000),
(104.056, 0.000),
(109.261, 0.000),
(114.467, 0.000),
(119.673, 0.000),
(124.879, 0.000),
(130.085, 0.000),
(135.292, 0.000),
(140.499, 0.000),
(145.706, 0.000),
(150.913, 0.000),
(156.121, 0.000),
(161.328, 0.000),
(166.535, 0.000),
(171.741, 0.000),
(176.948, 0.000),
(182.154, 0.000),
(187.359, 0.000),
(192.564, 0.000),
(197.768, 0.000),
(202.972, 0.000),
(208.175, 0.000),
(213.376, 0.000),
(218.577, 0.000),
(223.777, 0.000),
(228.976, 0.000),
(234.174, 0.000),
(239.370, 0.000),
(244.566, 0.000),
(249.760, 0.000),
(254.952, 0.000),
(260.144, 0.000),
(265.334, 0.000),
(270.525, 0.000),
(275.714, 0.000),
(280.904, 0.000),
(286.094, 0.000),
(291.285, 0.000),
(296.476, 0.000),
(301.669, 0.000),
(306.862, 0.000),
(312.058, 0.000),
(317.255, 0.000),
(322.454, 0.000),
(327.656, 0.000),
(332.861, 0.000),
(338.070, 0.000),
(343.282, 0.000),
(348.498, 0.000),
(353.719, 0.000),
(358.945, 0.000),
(364.176, 0.000),
(369.414, 0.000),
(374.658, 0.000),
(379.909, 0.000),
(385.167, 0.000),
(390.429, 0.000),
(395.695, 0.000),
(400.962, 0.000),
(406.230, 0.000),
(411.496, 0.000),
(416.759, 0.000),
(422.018, 0.000),
(427.272, 0.000),
(432.518, 0.000),
(437.756, 0.000),
(442.985, 0.000),
(448.203, 0.000),
(453.411, 0.000),
(458.609, -0.436),
(463.795, -1.292),
(468.971, -2.231),
(474.137, -3.254),
(479.294, -4.359),
(484.444, -5.548),
(489.589, -6.821),
(494.731, -8.176),
(499.873, -9.612),
(505.018, -11.109),
(510.170, -12.574),
(515.331, -13.973),
(520.503, -15.306),
(525.688, -16.574),
(530.887, -17.775),
(536.100, -18.910),
(541.329, -19.981),
(546.573, -20.986),
(551.833, -21.929),
(557.108, -22.808),
(562.398, -23.625),
(567.701, -24.382),
(573.016, -25.131),
(578.336, -25.976),
(583.654, -26.929),
(588.966, -27.997),
(594.267, -29.181),
(599.551, -30.486),
(604.817, -31.918),
(610.060, -33.481),
(615.280, -35.180),
(620.476, -37.018),
(625.647, -39.001),
(630.797, -41.132),
(635.928, -43.411),
(641.045, -45.838),
(646.154, -48.389),
(651.264, -50.881),
(656.382, -53.232),
(661.515, -55.436),
(666.667, -57.492),
(671.840, -59.400),
(677.038, -61.159),
(682.260, -62.773),
(687.506, -64.244),
(692.776, -65.577),
(698.067, -66.774),
(703.376, -67.841),
(708.700, -68.779),
(714.035, -69.593),
(719.376, -70.286),
(724.718, -70.860),
(730.057, -71.316),
(735.386, -71.656),
(740.701, -71.901),
(746.000, -72.161),
(751.284, -72.474),
(756.552, -72.840),
(761.806, -73.259),
(767.044, -73.732),
(772.269, -74.259),
(777.480, -74.840),
(782.679, -75.477),
(787.865, -76.168),
(793.042, -76.914),
(798.208, -77.715),
(803.367, -78.571),
(808.520, -79.481),
(813.669, -80.445),
(818.815, -81.462),
(823.963, -82.529),
(829.113, -83.601),
(834.267, -84.615),
(839.426, -85.567),
(844.592, -86.457),
(849.765, -87.285),
(854.946, -88.051),
(860.134, -88.755),
(865.330, -89.398),
(870.534, -89.981),
(875.745, -90.000),
(880.962, -90.000),
(886.186, -90.000),
(891.415, -90.000),
(896.649, -90.000),
(901.887, -90.000),
(907.127, -90.000),
(912.369, -90.000),
(917.612, -90.000),
(922.854, -90.000),
(928.096, -90.000),
(933.334, -90.000),
(938.569, -90.000),
(943.800, -90.000),
(949.026, -90.000),
(954.246, -90.000),
(959.462, -90.000),
(964.673, -90.000),
(969.881, -90.000),
(975.085, -90.000),
(980.287, -90.000),
(985.488, -90.000),
(990.686, -90.000),
(995.884, -90.000),
(1001.081, -90.000),
(1006.278, -90.000),
(1011.475, -90.000),
(1016.673, -90.000),
(1021.872, -90.000),
(1027.073, -90.000),
(1032.276, -90.000),
(1037.481, -90.000),
(1042.688, -90.000),
(1047.897, -90.000),
(1053.108, -90.000),
(1058.319, -90.000),
(1063.532, -90.000),
(1068.746, -90.000),
(1073.960, -90.000),
(1079.174, -90.000),
(1084.388, -90.000),
(1089.603, -90.000),
(1094.816, -90.000),
(1100.029, -90.000),
(1105.241, -90.000),
(1110.451, -90.000),
(1115.660, -90.000),
(1120.868, -90.000),
(1126.073, -90.000),
(1131.276, -90.000),
(1136.476, -90.000),
(1141.674, -90.000),
(1146.868, -90.000),
(1152.060, -90.000),
(1157.247, -90.000),
(1162.431, -90.000),
(1167.611, -90.000),
(1172.786, -90.000),
(1177.957, -90.000),
(1183.124, -90.000),
(1188.287, -90.000),
(1193.447, -90.000),
(1198.606, -90.000),
(1203.764, -90.000),
(1208.923, -90.000),
(1214.082, -90.000),
(1219.244, -90.000),
(1224.409, -90.000),
(1229.578, -90.000),
(1234.751, -90.000),
(1239.931, -90.000),
(1245.117, -90.000),
(1250.312, -90.000),
(1255.514, -90.000),
(1260.727, -90.065),
(1265.950, -90.180),
(1271.185, -90.305),
(1276.432, -90.442),
(1281.693, -90.588),
(1286.968, -90.745),
(1292.259, -90.912),
(1297.566, -91.089),
(1302.891, -91.276),
(1308.232, -91.508),
(1313.584, -91.845),
(1318.942, -92.292),
(1324.301, -92.851),
(1329.656, -93.522),
(1335.003, -94.308),
(1340.338, -95.211),
(1345.657, -96.234),
(1350.957, -97.381),
(1356.237, -98.655),
(1361.496, -100.058),
(1366.732, -101.595),
(1371.946, -103.268),
(1377.140, -105.080),
(1382.316, -107.031),
(1387.478, -109.122),
(1392.631, -111.351),
(1397.782, -113.714),
(1402.939, -116.206),
(1408.111, -118.819),
(1413.307, -121.520),
(1418.529, -124.189),
(1423.772, -126.797),
(1429.032, -129.354),
(1434.305, -131.872),
(1439.587, -134.364),
(1444.871, -136.841),
(1450.153, -139.315),
(1455.428, -141.798),
(1460.691, -144.302),
(1465.937, -146.838),
(1471.162, -149.413),
(1476.370, -151.933),
(1481.570, -154.306),
(1486.768, -156.521),
(1491.971, -158.573),
(1497.182, -160.461),
(1502.404, -162.183),
(1507.637, -163.741),
(1512.881, -165.136),
(1518.136, -166.370),
(1523.399, -167.446),
(1528.667, -168.367),
(1533.937, -169.135),
(1539.205, -169.770),
(1544.471, -170.360),
(1549.735, -170.937),
(1554.998, -171.501),
(1560.260, -172.050),
(1565.522, -172.586),
(1570.784, -173.107),
(1576.046, -173.615),
(1581.309, -174.108),
(1586.574, -174.587),
(1591.839, -175.052),
(1597.107, -175.502),
(1602.376, -175.939),
(1607.647, -176.361),
(1612.921, -176.768),
(1618.196, -177.162),
(1623.475, -177.541),
(1628.755, -177.906),
(1634.038, -178.257),
(1639.324, -178.593),
(1644.612, -178.915),
(1649.903, -179.224),
(1655.196, -179.518),
(1660.492, -179.798),
(1665.789, -180.000),
(1671.090, -180.000),
(1676.392, -180.000),
(1681.696, -180.000),
(1687.002, -180.000),
(1692.310, -180.000),
(1697.620, -180.000),
(1702.930, -180.000),
(1708.242, -180.000),
(1713.555, -180.000),
(1718.868, -180.000),
(1724.182, -180.000),
(1729.496, -180.000),
(1734.810, -180.000),
(1740.124, -180.000),
(1745.437, -180.000),
(1750.750, -180.000),
(1756.062, -180.000),
(1761.372, -180.000),
(1766.681, -180.000),
(1771.988, -180.000),
(1777.293, -180.000),
(1782.595, -180.000),
(1787.896, -180.000),
(1793.193, -180.000),
(1798.487, -180.000),
(1803.778, -180.000),
(1809.066, -180.000),
(1814.349, -180.000),
(1819.629, -180.000),
(1824.904, -180.000),
(1830.175, -180.000),
(1835.442, -180.000),
(1840.703, -180.000),
(1845.960, -180.000),
(1851.212, -180.000),
(1856.458, -180.000),
(1861.699, -180.000),
(1866.934, -179.959),
(1872.164, -179.684),
(1877.388, -179.394),
(1882.607, -179.090),
(1887.819, -178.772),
(1893.026, -178.438),
(1898.228, -178.089),
(1903.423, -177.726),
(1908.613, -177.348),
(1913.798, -176.955),
(1918.977, -176.547),
(1924.151, -176.123),
(1929.319, -175.685),
(1934.483, -175.231),
(1939.642, -174.763),
(1944.797, -174.279),
(1949.947, -173.780),
(1955.094, -173.266),
(1960.237, -172.737),
(1965.378, -172.193),
(1970.516, -171.634),
(1975.652, -171.060),
(1980.786, -170.471),
(1985.919, -169.868),
(1991.052, -169.250),
(1996.186, -168.617),
(2001.320, -167.971),
(2006.456, -167.310),
(2011.594, -166.635),
(2016.736, -165.947),
(2021.882, -165.246),
(2027.033, -164.532),
(2032.190, -163.805),
(2037.354, -163.065),
(2042.527, -162.314),
(2047.708, -161.550),
(2052.900, -160.776),
(2058.103, -159.991),
(2063.319, -159.196),
(2068.549, -158.391),
(2073.794, -157.577),
(2079.057, -156.754),
(2084.337, -155.921),
(2089.632, -155.038),
(2094.936, -154.062),
(2100.242, -152.988),
(2105.545, -151.813),
(2110.840, -150.531),
(2116.122, -149.138),
(2121.387, -147.629),
(2126.633, -146.000),
(2131.858, -144.244),
(2137.060, -142.359),
(2142.239, -140.338),
(2147.398, -138.180),
(2152.539, -135.882),
(2157.665, -133.443),
(2162.784, -130.917),
(2167.903, -128.485),
(2173.030, -126.191),
(2178.171, -124.039),
(2183.329, -122.032),
(2188.508, -120.170),
(2193.710, -118.452),
(2198.935, -116.875),
(2204.184, -115.438),
(2209.454, -114.136),
(2214.746, -112.966),
(2220.054, -111.925),
(2225.377, -111.009),
(2230.711, -110.216),
(2236.051, -109.542),
(2241.392, -108.986),
(2246.730, -108.545),
(2252.059, -108.219),
(2257.376, -107.966),
(2262.679, -107.682),
(2267.967, -107.349),
(2273.242, -106.968),
(2278.501, -106.538),
(2283.746, -106.059),
(2288.976, -105.529),
(2294.192, -104.949),
(2299.392, -104.318),
(2304.579, -103.636),
(2309.753, -102.902),
(2314.913, -102.116),
(2320.062, -101.278),
(2325.199, -100.388),
(2330.328, -99.446),
(2335.448, -98.452),
(2340.562, -97.410),
(2345.672, -96.357),
(2350.779, -95.318),
(2355.884, -94.295),
(2360.989, -93.288),
(2366.094, -92.298),
(2371.202, -91.325),
(2376.313, -90.369),
(2381.428, -89.431),
(2386.548, -88.510),
(2391.674, -87.608),
(2396.807, -86.724),
(2401.947, -85.858),
(2407.096, -85.010),
(2412.253, -84.181),
(2417.419, -83.371),
(2422.595, -82.579),
(2427.781, -81.805),
(2432.977, -81.049),
(2438.185, -80.311),
(2443.402, -79.592),
(2448.631, -78.890),
(2453.871, -78.206),
(2459.122, -77.540),
(2464.385, -76.890),
(2469.658, -76.258),
(2474.942, -75.643),
(2480.237, -75.044),
(2485.543, -74.462),
(2490.859, -73.896),
(2496.185, -73.346),
(2501.521, -72.812),
(2506.866, -72.293),
(2512.220, -71.789),
(2517.583, -71.301),
(2522.954, -70.827),
(2528.333, -70.368),
(2533.719, -69.923),
(2539.111, -69.493),
(2544.509, -69.076),
(2549.913, -68.673),
(2555.322, -68.283),
(2560.734, -67.907),
(2566.150, -67.544),
(2571.568, -67.194),
(2576.989, -66.857),
(2582.410, -66.532),
(2587.832, -66.220),
(2593.254, -65.920),
(2598.674, -65.633),
(2604.092, -65.357),
(2609.508, -65.094),
(2614.920, -64.842),
(2620.327, -64.602),
(2625.728, -64.367),
(2631.125, -64.124),
(2636.515, -63.873),
(2641.899, -63.611),
(2647.277, -63.341),
(2652.648, -63.061),
(2658.012, -62.771),
(2663.369, -62.472),
(2668.719, -62.162),
(2674.062, -61.843),
(2679.397, -61.514),
(2684.725, -61.175),
(2690.045, -60.826),
(2695.357, -60.467),
(2700.661, -60.097),
(2705.957, -59.718),
(2711.245, -59.327),
(2716.525, -58.927),
(2721.797, -58.516),
(2727.060, -58.094),
(2732.316, -57.661),
(2737.563, -57.218),
(2742.803, -56.764),
(2748.034, -56.299),
(2753.258, -55.823),
(2758.474, -55.336),
(2763.683, -54.838),
(2768.884, -54.329),
(2774.078, -53.809),
(2779.266, -53.278),
(2784.447, -52.736),
(2789.621, -52.182),
(2794.789, -51.618),
(2799.952, -51.042),
(2805.110, -50.456),
(2810.262, -49.858),
(2815.410, -49.249),
(2820.555, -48.629),
(2825.695, -47.999),
(2830.833, -47.358),
(2835.968, -46.706),
(2841.101, -46.043),
(2846.233, -45.370),
(2851.365, -44.687),
(2856.496, -43.994),
(2861.629, -43.290),
(2866.763, -42.577),
(2871.899, -41.855),
(2877.038, -41.123),
(2882.182, -40.391),
(2887.329, -39.670),
(2892.481, -38.961),
(2897.637, -38.264),
(2902.799, -37.580),
(2907.966, -36.908),
(2913.139, -36.249),
(2918.317, -35.601),
(2923.501, -34.966),
(2928.691, -34.342),
(2933.886, -33.731),
(2939.088, -33.131),
(2944.295, -32.543),
(2949.508, -31.966),
(2954.727, -31.401),
(2959.952, -30.847),
(2965.182, -30.305),
(2970.417, -29.773),
(2975.658, -29.253),
(2980.903, -28.743),
(2986.153, -28.244),
(2991.408, -27.755),
(2996.667, -27.277),
(3001.929, -26.809),
(3007.195, -26.351),
(3012.464, -25.904),
(3017.736, -25.466),
(3023.011, -25.037),
(3028.287, -24.619),
(3033.565, -24.209),
(3038.844, -23.809),
(3044.123, -23.419),
(3049.403, -23.037),
(3054.682, -22.664),
(3059.961, -22.300),
(3065.238, -21.945),
(3070.513, -21.598),
(3075.785, -21.259),
(3081.054, -20.929),
(3086.320, -20.608),
(3091.581, -20.294),
(3096.837, -19.988),
(3102.089, -19.687),
(3107.337, -19.393),
(3112.580, -19.104),
(3117.820, -18.820),
(3123.056, -18.543),
(3128.288, -18.271),
(3133.517, -18.006),
(3138.743, -17.746),
(3143.966, -17.492),
(3149.187, -17.244),
(3154.405, -17.002),
(3159.620, -16.766),
(3164.833, -16.536),
(3170.044, -16.312),
(3175.254, -16.095),
(3180.461, -15.883),
(3185.667, -15.678),
(3190.871, -15.478),
(3196.074, -15.285),
(3201.275, -15.098),
(3206.475, -14.917),
(3211.674, -14.743),
(3216.873, -14.574),
(3222.070, -14.412),
(3227.266, -14.256),
(3232.461, -14.107),
(3237.656, -13.963),
(3242.850, -13.826),
(3248.044, -13.696),
(3253.237, -13.571),
(3258.430, -13.453),
(3263.622, -13.341),
(3268.814, -13.235),
(3274.006, -13.136),
(3279.197, -13.043),
(3284.388, -12.956),
(3289.580, -12.876),
(3294.771, -12.802),
(3299.962, -12.734),
(3305.153, -12.673),
(3310.344, -12.617),
(3315.535, -12.569),
(3320.726, -12.526),
(3325.917, -12.490),
(3331.108, -12.460),
(3336.300, -12.438),
(3341.491, -12.426),
(3346.683, -12.424),
(3351.875, -12.432),
(3357.067, -12.449),
(3362.259, -12.476),
(3367.452, -12.513),
(3372.644, -12.560),
(3377.837, -12.617),
(3383.030, -12.683),
(3388.224, -12.759),
(3393.417, -12.845),
(3398.611, -12.941),
(3403.805, -13.047),
(3409.000, -13.162),
(3414.195, -13.287),
(3419.390, -13.422),
(3424.586, -13.567),
(3429.783, -13.721),
(3434.980, -13.885),
(3440.178, -14.059),
(3445.377, -14.243),
(3450.576, -14.437),
(3455.777, -14.640),
(3460.978, -14.853),
(3466.181, -15.075),
(3471.386, -15.307),
(3476.591, -15.549),
(3481.799, -15.801),
(3487.008, -16.062),
(3492.219, -16.332),
(3497.432, -16.612),
(3502.648, -16.902),
(3507.866, -17.201),
(3513.087, -17.509),
(3518.311, -17.827),
(3523.538, -18.154),
(3528.769, -18.491),
(3534.004, -18.836),
(3539.243, -19.191),
(3544.487, -19.554),
(3549.735, -19.927),
(3554.988, -20.309),
(3560.247, -20.699),
(3565.512, -21.098),
(3570.784, -21.506),
(3576.061, -21.921),
(3581.343, -22.344),
(3586.630, -22.775),
(3591.920, -23.213),
(3597.215, -23.660),
(3602.512, -24.114),
(3607.811, -24.577),
(3613.112, -25.049),
(3618.415, -25.529),
(3623.718, -26.018),
(3629.021, -26.516),
(3634.325, -27.023),
(3639.627, -27.539),
(3644.929, -28.065),
(3650.230, -28.600),
(3655.528, -29.146),
(3660.825, -29.701),
(3666.120, -30.266),
(3671.412, -30.842),
(3676.701, -31.428),
(3681.987, -32.025),
(3687.270, -32.632),
(3692.549, -33.251),
(3697.825, -33.880),
(3703.098, -34.521),
(3708.367, -35.172),
(3713.632, -35.836),
(3718.893, -36.511),
(3724.151, -37.197),
(3729.406, -37.895),
(3734.657, -38.605),
(3739.904, -39.327),
(3745.149, -40.061),
(3750.391, -40.807),
(3755.631, -41.565),
(3760.868, -42.335),
(3766.104, -43.117),
(3771.338, -43.911),
(3776.571, -44.717),
(3781.804, -45.535),
(3787.037, -46.365),
(3792.271, -47.206),
(3797.507, -48.059),
(3802.744, -48.924),
(3807.984, -49.800),
(3813.228, -50.687),
(3818.476, -51.585),
(3823.730, -52.494),
(3828.990, -53.404),
(3834.256, -54.270),
(3839.531, -55.082),
(3844.812, -55.838),
(3850.101, -56.540),
(3855.397, -57.188),
(3860.701, -57.782),
(3866.010, -58.323),
(3871.325, -58.810),
(3876.645, -59.245),
(3881.969, -59.628),
(3887.296, -59.959),
(3892.625, -60.238),
(3897.955, -60.466),
(3903.284, -60.643),
(3908.612, -60.769),
(3913.937, -60.844),
(3919.257, -60.868),
(3924.572, -60.136),
(3929.880, -59.405),
(3935.180, -58.674),
(3940.471, -57.946),
(3945.751, -57.218),
(3951.020, -56.492),
(3956.276, -55.768),
(3961.518, -55.046),
(3966.745, -54.326),
(3971.957, -53.608),
(3977.153, -52.892),
(3982.333, -52.178),
(3987.496, -51.467),
(3992.642, -50.758),
(3997.771, -50.052),
(4002.883, -49.347),
(4007.979, -48.645),
(4013.060, -47.945),
(4018.126, -47.248),
(4023.179, -46.551),
(4028.221, -45.857),
(4033.253, -45.164),
(4038.277, -44.471),
(4043.297, -43.780),
(4048.314, -43.089),
(4053.333, -42.397),
(4058.355, -41.705),
(4063.385, -41.013),
(4068.424, -40.318),
(4073.475, -39.623),
(4078.539, -38.925),
(4083.617, -38.225),
(4088.711, -37.524),
(4093.822, -36.819),
(4098.951, -36.113),
(4104.098, -35.404),
(4109.263, -34.692),
(4114.446, -33.978),
(4119.648, -33.262),
(4124.867, -32.543),
(4130.104, -31.821),
(4135.358, -31.097),
(4140.628, -30.371),
(4145.912, -29.643),
(4151.211, -28.913),
(4156.522, -28.182),
(4161.846, -27.448),
(4167.179, -26.714),
(4172.521, -25.978),
(4177.871, -25.241),
(4183.226, -24.503),
(4188.585, -23.765),
(4193.947, -23.026),
(4199.310, -22.287),
(4204.671, -21.549),
(4210.030, -20.810),
(4215.385, -20.073),
(4220.732, -19.336),
(4226.072, -18.600),
(4231.402, -17.866),
(4236.720, -17.133),
(4242.025, -16.403),
(4247.316, -15.674),
(4252.591, -14.947),
(4257.849, -14.223),
(4263.091, -13.500),
(4268.316, -12.781),
(4273.522, -12.063),
(4278.711, -11.349),
(4283.883, -10.636),
(4289.038, -9.926),
(4294.180, -9.218),
(4299.311, -8.511),
(4304.433, -7.805),
(4309.551, -7.100),
(4314.669, -6.395),
(4319.790, -5.689),
(4324.916, -4.983),
(4330.050, -4.276),
(4335.194, -3.567),
(4340.348, -2.857),
(4345.514, -2.146),
(4350.693, -1.432),
(4355.885, -0.717),
(4361.089, 0.000),
(4366.307, 0.000),
(4371.536, 0.000),
(4376.777, 0.000),
(4382.029, 0.000),
(4387.290, 0.000),
(4392.560, 0.000),
(4397.837, 0.000),
(4403.119, 0.000),
(4408.406, 0.000),
(4413.695, 0.000),
(4418.985, 0.000),
(4424.275, 0.000),
(4429.562, 0.000),
(4434.846, 0.000),
(4440.124, 0.000),
(4445.395, 0.000),
(4450.659, 0.000),
(4455.913, 0.000),
(4461.159, 0.000),
(4466.397, 0.000),
(4471.629, 0.000),
(4476.854, 0.000),
(4482.073, 0.000),
(4487.287, 0.000),
(4492.497, 0.000),
(4497.702, 0.000),
(4502.903, 0.000),
(4508.101, 0.000),
(4513.297, 0.000),
(4518.490, 0.000),
(4523.681, 0.000),
(4528.870, 0.000),
(4534.058, 0.000),
(4539.244, 0.000),
(4544.431, 0.000),
(4549.617, 0.000),
(4554.803, 0.000),
(4559.989, 0.000),
(4565.177, 0.000),
(4570.365, 0.000),
(4575.555, 0.000),
(4580.746, 0.000),
(4585.940, 0.000),
(4591.134, 0.000),
(4596.331, 0.000),
(4601.529, 0.000),
(4606.728, 0.000),
(4611.928, 0.000),
(4617.130, 0.000),
(4622.333, 0.000),
(4627.536, 0.000),
(4632.741, 0.000),
(4637.947, 0.000),
(4643.153, 0.000),
(4648.359, 0.000),
(4653.567, 0.000),
(4658.774, 0.000),
(4663.982, 0.000),
(4669.190, 0.000),
(4674.399, 0.000),
(4679.607, 0.000),
(4684.815, 0.000),
(4690.023, 0.000),
(4695.230, 0.000),
(4700.437, 0.000),
(4705.644, 0.000),
(4710.850, 0.000),
(4716.055, 0.000),
(4721.260, 0.000),
(4726.465, 0.000),
(4731.670, 0.000),
(4736.873, 0.000),
(4742.077, 0.000),
(4747.281, 0.000),
(4752.484, 0.000),
(4757.686, 0.000),
(4762.889, 0.000),
(4768.092, 0.000),
(4773.294, 0.000),
(4778.496, 0.000),
(4783.698, 0.000),
(4788.900, 0.000),
(4794.102, 0.000),
(4799.304, 0.000),
(4804.507, 0.000),
(4809.709, 0.000),
(4814.911, 0.000),
(4820.113, 0.000),
(4825.316, 0.000),
(4830.518, 0.000),
(4835.721, 0.000),
(4840.924, 0.000),
(4846.127, 0.000),
(4851.330, 0.000),
(4856.533, 0.000),
(4861.736, 0.000),
(4866.940, 0.000),
(4872.143, 0.000),
(4877.347, 0.000),
(4882.550, 0.000),
(4887.754, 0.000),
(4892.957, 0.000),
(4898.161, 0.000),
(4903.365, 0.000),
(4908.568, 0.000),
(4913.772, 0.000),
(4918.975, 0.000),
(4924.178, 0.000),
(4929.382, 0.000),
(4934.585, 0.000),
(4939.788, 0.000),
(4944.992, 0.000),
(4950.195, 0.000),
(4955.398, 0.000),
(4960.602, 0.000),
(4965.805, 0.000),
(4971.008, 0.000),
(4976.211, 0.000),
(4981.414, 0.000),
(4986.618, 0.000),
(4991.821, 0.000),
(4997.024, 0.000),
(5002.227, 0.000),
(5007.430, 0.000),
(5012.634, 0.000),
(5017.837, 0.000),
(5023.040, 0.000),
(5028.243, 0.000),
(5033.447, 0.000),
(5038.650, 0.000),
(5043.853, 0.000),
(5049.056, 0.000),
(5054.260, 0.000),
(5059.463, 0.000),
(5064.666, 0.000),
(5069.869, 0.000),
(5075.073, 0.000),
(5080.276, 0.000),
(5085.479, 0.000),
(5090.683, 0.000),
(5095.886, 0.000),
(5101.089, 0.000),
(5106.293, 0.000),
(5111.496, 0.000),
(5116.699, 0.000),
(5121.902, 0.000),
(5127.106, 0.000),
(5132.309, 0.000),
(5137.512, 0.000),
(5142.716, 0.000),
(5147.919, 0.000),
(5153.122, 0.000),
(5158.325, 0.000),
(5163.529, 0.000),
(5168.732, 0.000),
(5173.935, 0.000),
(5179.139, 0.000),
(5184.342, 0.000),
(5189.545, 0.000),
(5194.748, 0.000),
(5199.952, 0.000),
(5205.155, 0.000),
(5210.358, 0.000),
(5215.561, 0.000),
(5220.765, 0.000),
)